http://tinyurl.com/vebr9ek

http://www.falstad.com/circuit/circuitjs.html?cct=$+1+0.000005+9.78399845368213+57+5+43%0Ad+64+352+112+320+2+default%0Ad+112+320+160+352+2+default%0Ad+64+352+112+384+2+default%0Ad+112+384+160+352+2+default%0Az+240+416+240+352+2+default-zener%0Ar+240+416+240+528+0+150000%0A209+192+352+192+528+0+0.0000047+63.91227211569083+1%0Aw+160+352+192+352+0%0Aw+192+352+240+352+0%0Aw+240+528+192+528+0%0Aw+64+352+48+352+0%0Aw+48+352+48+528+0%0Aw+192+528+48+528+0%0Ar+240+352+336+352+0+1000%0Ac+-80+368+-16+368+0+0.0000013+107.04999077952648%0Ar+-80+304+-16+304+0+470000%0Aw+-16+304+-16+368+0%0Aw+-80+304+-80+368+0%0A162+336+352+336+416+2+default-led+1+0+0+0.01%0A162+336+416+336+480+2+default-led+1+0+0+0.01%0A162+304+480+304+528+2+default-led+1+0+0+0.01%0A162+368+480+368+528+2+default-led+1+0+0+0.01%0Aw+304+528+368+528+0%0Aw+368+480+336+480+0%0Aw+304+480+336+480+0%0Aw+304+528+240+528+0%0Ad+384+352+464+352+2+default%0Aw+384+352+384+416+0%0Aw+336+416+384+416+0%0Av+464+528+464+352+0+0+40+4+0+0+0.5%0Aw+368+528+464+528+0%0Ar+544+352+544+432+0+100%0Ac+544+432+544+528+0+1.0000000000000001e-7+3.9999999999999982%0Aw+464+528+544+528+0%0Aw+464+352+544+352+0%0Ag+192+528+192+560+0%0A162+400+160+400+256+2+default-led+1+0+0+0.01%0A162+448+160+448+256+2+default-led+1+0+0+0.01%0A162+496+160+496+256+2+default-led+1+0+0+0.01%0A162+544+160+544+256+2+default-led+1+0+0+0.01%0Aw+400+160+448+160+0%0Aw+448+160+496+160+0%0Aw+496+160+544+160+0%0Aw+544+256+496+256+0%0Aw+496+256+448+256+0%0Aw+448+256+400+256+0%0Ar+448+160+448+80+0+2.2%0At+400+64+448+64+0+-1+3.999801423852724+-0.00014668517062244035+50%0Aw+448+48+448+32+0%0Ar+352+32+352+112+0+100%0At+304+128+352+128+0+1+-3.573049416729769+0.4268038980996087+50%0Ac+272+112+272+256+0+0.000001+0.4268038980996087%0At+208+96+272+96+0+-1+3.7446378914151834+0.17144178951479194+50%0Ar+208+32+208+96+0+1000000%0Ad+208+96+144+96+2+default%0A209+144+144+144+256+0+0.000001+55.381965528973254+1%0Ar+32+96+144+96+0+100000%0Ad+32+144+144+144+2+default%0Ar+-64+96+32+96+0+150000%0Aw+32+96+32+144+0%0Aw+144+96+144+144+0%0Aw+208+32+272+32+0%0Aw+272+32+272+80+0%0Aw+144+256+272+256+0%0Aw+352+144+352+256+0%0Aw+400+256+352+256+0%0Aw+272+112+304+112+0%0Aw+304+112+304+128+0%0Aw+272+256+352+256+0%0Aw+272+32+352+32+0%0Aw+352+112+400+112+0%0Aw+400+112+400+64+0%0Aw+352+32+448+32+0%0Aw+544+256+592+256+0%0Aw+592+256+592+528+0%0Aw+592+528+544+528+0%0Aw+544+352+624+352+0%0Aw+624+352+624+32+0%0Aw+448+32+624+32+0%0Ar+-64+256+32+256+0+1000000%0Aw+144+256+32+256+0%0Aw+-16+304+112+304+0%0Aw+112+304+112+320+0%0Aw+112+384+112+496+0%0Aw+112+496+-128+496+0%0Aw+-80+304+-176+304+0%0Aw+-64+256+-128+256+0%0Aw+-64+96+-176+96+0%0Aw+-128+496+-128+256+0%0Aw+-176+96+-176+304+0%0As+-320+304+-224+304+0+0+false%0As+-320+640+-224+640+0+0+false%0Aw+-320+304+-320+640+0%0Aw+-224+304+-176+304+0%0Ar+-112+640+-112+768+0+1000%0Aw+-224+640+-112+640+0%0Aw+-128+496+-192+496+0%0Aw+-192+496+-192+768+0%0Aw+-112+768+-192+768+0%0Av+-560+304+-560+496+0+1+50+230+0+0+0.5%0Aw+-192+496+-560+496+0%0As+-480+304+-384+304+0+0+false%0Aw+-560+304+-480+304+0%0Aw+-384+304+-320+304+0%0A


$ 1 0.000005 9.78399845368213 57 5 43
d 64 352 112 320 2 default
d 112 320 160 352 2 default
d 64 352 112 384 2 default
d 112 384 160 352 2 default
z 240 416 240 352 2 default-zener
r 240 416 240 528 0 150000
209 192 352 192 528 0 0.0000047 34.5231933132708 1
w 160 352 192 352 0
w 192 352 240 352 0
w 240 528 192 528 0
w 64 352 48 352 0
w 48 352 48 528 0
w 192 528 48 528 0
r 240 352 336 352 0 1000
c -80 368 -16 368 0 0.0000013 -174.5932577321907
r -80 304 -16 304 0 470000
w -16 304 -16 368 0
w -80 304 -80 368 0
162 336 352 336 416 2 default-led 1 0 0 0.01
162 336 416 336 480 2 default-led 1 0 0 0.01
162 304 480 304 528 2 default-led 1 0 0 0.01
162 368 480 368 528 2 default-led 1 0 0 0.01
w 304 528 368 528 0
w 368 480 336 480 0
w 304 480 336 480 0
w 304 528 240 528 0
d 384 352 464 352 2 default
w 384 352 384 416 0
w 336 416 384 416 0
v 464 528 464 352 0 0 40 4 0 0 0.5
w 368 528 464 528 0
r 544 352 544 432 0 100
c 544 432 544 528 0 1.0000000000000001e-7 3.9999999999999982
w 464 528 544 528 0
w 464 352 544 352 0
g 192 528 192 560 0
162 400 160 400 256 2 default-led 1 0 0 0.01
162 448 160 448 256 2 default-led 1 0 0 0.01
162 496 160 496 256 2 default-led 1 0 0 0.01
162 544 160 544 256 2 default-led 1 0 0 0.01
w 400 160 448 160 0
w 448 160 496 160 0
w 496 160 544 160 0
w 544 256 496 256 0
w 496 256 448 256 0
w 448 256 400 256 0
r 448 160 448 80 0 2.2
t 400 64 448 64 0 -1 3.9997569251620364 -0.00019113911595525224 50
w 448 48 448 32 0
r 352 32 352 112 0 100
t 304 128 352 128 0 1 -3.566158162157139 0.4336506987269058 50
c 272 112 272 256 0 0.000001 0.4336506987269058
t 208 96 272 96 0 -1 3.737784469800032 0.17143516852693796 50
r 208 32 208 96 0 1000000
d 208 96 144 96 2 default
209 144 144 144 256 0 0.000001 54.98811705637499 1
r 32 96 144 96 0 100000
d 32 144 144 144 2 default
r -64 96 32 96 0 150000
w 32 96 32 144 0
w 144 96 144 144 0
w 208 32 272 32 0
w 272 32 272 80 0
w 144 256 272 256 0
w 352 144 352 256 0
w 400 256 352 256 0
w 272 112 304 112 0
w 304 112 304 128 0
w 272 256 352 256 0
w 272 32 352 32 0
w 352 112 400 112 0
w 400 112 400 64 0
w 352 32 448 32 0
w 544 256 592 256 0
w 592 256 592 528 0
w 592 528 544 528 0
w 544 352 624 352 0
w 624 352 624 32 0
w 448 32 624 32 0
r -64 256 32 256 0 1000000
w 144 256 32 256 0
w -16 304 112 304 0
w 112 304 112 320 0
w 112 384 112 496 0
w 112 496 -128 496 0
w -80 304 -176 304 0
w -64 256 -128 256 0
w -64 96 -176 96 0
w -128 496 -128 256 0
w -176 96 -176 304 0
s -320 304 -224 304 0 0 false
s -320 640 -224 640 0 0 false
w -320 304 -320 640 0
w -224 304 -176 304 0
r -112 640 -112 768 0 1000
w -224 640 -112 640 0
w -128 496 -192 496 0
w -192 496 -192 768 0
w -112 768 -192 768 0
v -560 304 -560 496 0 1 50 230 0 0 0.5
w -192 496 -560 496 0
s -480 304 -384 304 0 0 false
w -560 304 -480 304 0
w -384 304 -320 304 0
